10000 0.235877
19999 0.255972
29996 0.148938
39993 0.359769
49991 0.146552
59984 0.147220
69982 0.616718
79975 0.147666
89968 0.146740
99961 0.177006
109951 0.149000
119940 0.149845
129924 0.149284
139906 1.181669
149891 0.148351
159874 0.205061
169867 0.145683
179849 0.145964
189826 0.147989
199810 0.146819
209790 0.240756
219772 0.146936
229746 0.147151
239723 0.149674
249699 0.279117
259679 0.147319
269656 0.149538
279629 2.633909
289603 0.202394
299581 0.204879
309547 0.158134
319522 0.146576
329483 0.145617
339452 0.145427
349417 0.145460
359382 0.145671
369353 0.309494
379310 0.146500
389271 0.155156
399236 0.156081
409203 0.151715
419155 0.154446
429114 0.149403
439061 0.149298
449009 0.399380
458962 0.152257
468906 0.148908
478857 0.149814
488816 0.158522
498761 0.153841
508711 0.153138
518650 0.151235
528591 0.149341
538542 0.460722
548486 0.148832
558436 4.608479
568380 0.150838
578318 0.151073
588259 0.150247
598207 0.151026
608135 0.183785
618079 0.163155
628030 0.164103
637955 0.152957
647892 0.159089
657821 0.149550
667752 0.149165
677679 0.148826
687588 0.497579
697515 0.149492
707451 0.151279
717388 0.155755
727323 0.151119
737239 0.153594
747154 0.153652
757089 0.153722
766992 0.153366
776917 0.159392
786837 0.151669
796763 0.155693
806685 0.156039
816612 0.154728
826530 0.154927
836442 0.608207
846346 0.150471
856268 0.177163
866192 0.157539
876101 0.154016
886012 0.152269
895915 0.154718
905831 0.160973
915756 0.158848
925654 0.163706
935558 0.161398
945468 0.158144
955375 0.157935
965281 0.160597
975168 0.157320
985056 0.159854
994949 0.162950
