10000 0.424552
19999 0.776281
29996 1.207048
39993 2.082878
49991 2.560856
59984 3.000744
69982 3.767102
79975 4.848077
89968 7.058169
99961 7.392555
109951 10.174553
119940 11.655215
129924 13.864957
139906 17.926822
149891 17.022335
159874 18.188408
169867 19.220680
179849 20.516190
189826 22.294030
199810 24.266369
209790 25.465917
219772 27.404102
229746 29.516545
239723 28.413450
249699 30.690302
259679 32.614689
269656 33.052790
279629 35.201713
289603 36.537873
299581 38.358139
309547 36.933762
319522 39.692361
329483 41.196417
339452 42.876684
349417 46.984851
359382 46.470390
369353 48.956058
379310 51.712546
389271 50.869431
399236 51.814271
409203 52.887280
419155 54.387609
429114 53.612949
439061 56.385067
449009 57.588703
458962 59.833554
468906 61.910220
478857 63.131386
488816 62.883125
498761 65.430225
508711 68.187189
518650 66.813672
528591 68.960199
538542 69.000373
548486 73.376684
558436 73.638716
568380 74.928332
578318 76.448485
588259 79.677872
598207 79.373772
608135 80.096460
618079 81.936982
628030 81.730270
637955 84.725505
647892 86.379354
657821 84.708661
667752 85.451712
677679 91.076307
687588 95.100390
697515 92.899886
707451 91.147660
717388 96.438727
727323 96.118973
737239 95.267680
747154 100.814959
757089 102.587864
766992 103.253974
776917 105.990803
786837 107.504278
796763 107.748946
806685 105.718295
816612 110.912773
826530 111.705892
836442 114.123285
846346 112.746376
856268 115.851826
866192 158.739633
876101 675.817911
886012 1510.163493
895915 1507.090536
905831 126.018726
915756 111.957831
925654 114.777213
935558 114.719767
945468 119.954627
955375 115.913354
965281 118.807154
975168 121.847706
985056 121.861564
994949 123.763307
